 0.7791 128.70
 0.8002 139.79
 1.3271  12.78
 1.3279  11.41
 1.3290  13.51
 1.3294  14.23
 1.3313  15.63
 1.3313  18.71
 1.3318  11.47
 1.3319  14.61
 1.3321  22.54
 1.3346  10.68
 1.3381  11.68
 1.3384  11.94
 1.3418  11.96
 1.3421  17.54
 1.3422  11.27
 1.3423  11.95
 1.3426  15.84
 1.3430  13.66
 1.3439  11.00
 1.3449  11.24
 1.3454  25.84
 1.3455  10.43
 1.3465  24.97
 1.3491  10.30
 1.3495  15.26
 1.3504  48.07
 1.3546  15.85
 1.3550  76.55
 1.3557  10.36
 1.3557  25.08
 1.3562  26.18
 1.3565  12.39
 1.3572  13.60
 1.3573  17.92
 1.3574 112.15
 1.3583  68.69
 1.3590  11.99
 1.3597  58.22
 1.3609  19.77
 1.3612  19.44
 1.3614  12.29
 1.3618  13.97
 1.3638  16.15
 1.3640  13.65
 1.3656  22.67
 1.3660  17.24
 1.3673  11.55
 1.3682  18.64
 1.3695  18.42
 1.3712  37.20
 1.3718  11.42
 1.3728  16.74
 1.3733  50.20
 1.3742  17.47
 1.3745  13.55
 1.3753  12.23
 1.3757  11.36
 1.3770  10.88
 1.3774  12.23
 1.3785  34.49
 1.3806  33.16
 1.3807  10.20
 1.3844  25.51
 1.3848  56.74
 1.3850  24.34
 1.3852  11.56
 1.3857  11.85
 1.3872  49.48
 1.3878  16.84
 1.3888  14.72
 1.3893  21.91
 1.3898  10.13
 1.3899  68.92
 1.3900  26.95
 1.3923  11.99
 1.3930  20.20
 1.3933  24.32
 1.3975 100.62
 1.3983  13.27
 1.4027  18.71
 1.4030  24.69
 1.4054  11.35
 1.4056  28.34
 1.4075  13.16
 1.4076  12.74
 1.4079  45.73
 1.4083  12.95
 1.4090  11.66
 1.4102  25.34
 1.4115  17.56
 1.4155  11.68
 1.4156  15.40
 1.4157  58.36
 1.4171  19.32
 1.4191  10.89
 1.4191  11.77
 1.4197  24.30
 1.4205  10.88
 1.4236  13.69
 1.4241  18.76
 1.4243  10.78
 1.4250  23.15
 1.4251  14.20
 1.4274  17.06
 1.4278  11.06
 1.4289  10.98
 1.4300  13.44
 1.4331  10.81
 1.4344  10.39
 1.4348  38.97
 1.4360  13.70
 1.4360 165.27
 1.4369  58.26
 1.4387  11.17
 1.4402  18.82
 1.4432  12.17
 1.4435  28.08
 1.4436  11.90
 1.4441  31.62
 1.4443  17.78
 1.4445  14.66
 1.4450  47.45
 1.4452  17.99
 1.4455  12.61
 1.4459  80.72
 1.4464  10.42
 1.4481  11.66
 1.4490  21.83
 1.4498  11.23
 1.4502  11.09
 1.4511  20.45
 1.4511  10.88
 1.4512  25.27
 1.4537  26.80
 1.4539  36.51
 1.4559  10.84
 1.4565  17.36
 1.4571  15.71
 1.4574  11.35
 1.4579  10.44
 1.4587  56.93
 1.4595  29.96
 1.4602  15.13
 1.4616 102.96
 1.4635  10.05
 1.4643  20.58
 1.4644  21.85
 1.4646  20.07
 1.4652  13.55
 1.4654  14.06
 1.4687  42.24
 1.4695  13.28
 1.4701  18.67
 1.4707  18.41
 1.4710  48.02
 1.4729  36.61
 1.4734  10.67
 1.4747  15.20
 1.4754  10.27
 1.4776  12.11
 1.4792  36.40
 1.4795  21.35
 1.4822  12.67
 1.4832  11.40
 1.4852  12.84
 1.4853  88.95
 1.4864  11.87
 1.4884  13.01
 1.4898  13.10
 1.4914  42.89
 1.4923  19.03
 1.4926  10.40
 1.4942  67.44
 1.4947  10.59
 1.4956  22.60
 1.4971  14.13
 1.4992  14.21
 1.5012  62.50
 1.5018  10.33
 1.5044  29.63
 1.5060  13.33
 1.5068  19.63
 1.5074  15.62
 1.5104  28.68
 1.5112  11.94
 1.5165  15.03
 1.5166  15.70
 1.5173  10.83
 1.5180  15.43
 1.5186  15.80
 1.5190  20.02
 1.5193  17.45
 1.5193  16.47
 1.5204  48.13
 1.5218  10.99
 1.5220  23.60
 1.5233  12.65
 1.5250  17.77
 1.5270  28.40
 1.5287 103.28
 1.5297  45.97
 1.5317  31.39
 1.5328  13.84
 1.5368  26.19
 1.5398  43.21
 1.5430  11.76
 1.5432  15.25
 1.5445  47.26
 1.5447  11.65
 1.5448  13.63
 1.5460  73.66
 1.5465  12.31
 1.5479  11.68
 1.5491  20.84
 1.5521 129.96
 1.5532  37.23
 1.5536  12.37
 1.5546  30.32
 1.5559  35.09
 1.5559  17.93
 1.5578  11.31
 1.5587  23.59
 1.5598  11.44
 1.5600  13.32
 1.5602  10.01
 1.5613  21.48
 1.5614  27.82
 1.5619  12.49
 1.5621  17.97
 1.5626  10.40
 1.5640  10.63
 1.5645  10.44
 1.5654  21.18
 1.5660  21.90
 1.5666  10.14
 1.5676  10.62
 1.5687  21.74
 1.5695  14.47
 1.5701  39.97
 1.5708 142.66
 1.5747  10.45
 1.5748  11.05
 1.5751  10.99
 1.5757  10.22
 1.5762  13.14
 1.5766  11.73
 1.5787  13.33
 1.5801  88.08
 1.5813  11.80
 1.5816  14.75
 1.5816  10.55
 1.5834  39.46
 1.5838  21.27
 1.5848  10.10
 1.5876 136.97
 1.5881  44.50
 1.5888  28.25
 1.5889  16.47
 1.5914  21.54
 1.5914  12.35
 1.5915  11.21
 1.5921  13.23
 1.5933  33.27
 1.5964  35.98
 1.5977  14.95
 1.5994  19.95
 1.6020  39.56
 1.6021  16.69
 1.6022  16.45
 1.6040  56.08
 1.6042  16.51
 1.6055  22.30
 1.6056  13.89
 1.6060  14.14
 1.6062  54.99
 1.6079  18.42
 1.6079  90.93
 1.6082  11.17
 1.6104  14.21
 1.6110  11.03
 1.6115  14.46
 1.6117  24.10
 1.6121  11.64
 1.6125  14.73
 1.6129  13.54
 1.6133  34.69
 1.6134  16.62
 1.6144  14.32
 1.6165  17.75
 1.6166  10.74
 1.6169  14.78
 1.6178  41.20
 1.6191  21.67
 1.6200  10.08
 1.6201  18.03
 1.6205  14.56
 1.6209  12.83
 1.6226  10.84
 1.6234  24.63
 1.6256  17.09
 1.6258  43.62
 1.6268  60.11
 1.6268  14.91
 1.6274  18.04
 1.6275  11.83
 1.6283  12.64
 1.6296  10.02
 1.6300  19.31
 1.6304 117.08
 1.6315  14.76
 1.6328  36.36
 1.6362  17.72
 1.6389  15.81
 1.6400  11.85
 1.6400  16.48
 1.6437  17.15
 1.6463  13.66
 1.6511  28.82
 1.6521  11.12
 1.6530  15.35
 1.6549  20.03
 1.6565  23.15
 1.6572  15.41
 1.6574  11.88
 1.6581  11.01
 1.6612  12.69
 1.6619  11.42
 1.6620  41.42
 1.6625  25.64
 1.6635  11.25
 1.6645  32.08
 1.6665  14.01
 1.6672  19.72
 1.6672  11.61
 1.6675  16.66
 1.6676  35.65
 1.6696  63.12
 1.6702  35.47
 1.6720  10.86
 1.6724  13.18
 1.6732  10.88
 1.6767  15.34
 1.6781  13.59
 1.6783  11.61
 1.6795  26.29
 1.6809  40.40
 1.6850  24.22
 1.6851  15.09
 1.6879  14.19
 1.6903  54.23
 1.6950  18.05
 1.6966  30.64
 1.6986  18.83
 1.6987  25.73
 1.7017  16.13
 1.7019  11.81
 1.7024  41.14
 1.7025  10.89
 1.7028  25.51
 1.7077  25.48
 1.7088  10.69
 1.7092  14.34
 1.7105  10.02
 1.7120  10.10
 1.7130  11.52
 1.7146  12.95
 1.7150  26.07
 1.7175  21.72
 1.7187  47.01
 1.7197  11.57
 1.7213  14.17
 1.7232  17.38
 1.7242  10.83
 1.7243  16.98
 1.7304  48.10
 1.7314  20.76
 1.7342  22.98
 1.7352  16.30
 1.7360  22.77
 1.7384  10.64
 1.7401  18.10
 1.7412  31.50
 1.7448  52.36
 1.7453  23.99
 1.7455  61.16
 1.7462  10.52
 1.7469  15.65
 1.7480 111.95
 1.7480  54.68
 1.7513  11.90
 1.7515  14.42
 1.7522  25.81
 1.7533  15.11
 1.7534  12.20
 1.7548  11.53
 1.7563  20.91
 1.7583  33.68
 1.7586  10.78
 1.7594  16.85
 1.7599  10.87
 1.7600  12.80
 1.7616  12.56
 1.7621  13.60
 1.7624  54.50
 1.7644  10.72
 1.7648  12.93
 1.7652  22.28
 1.7653  13.93
 1.7671  12.09
 1.7671  10.85
 1.7674  22.34
 1.7677  18.22
 1.7690  38.33
 1.7692  10.01
 1.7704  10.35
 1.7714  19.69
 1.7722  25.47
 1.7722  11.13
 1.7725  12.70
 1.7737  14.41
 1.7747  10.24
 1.7749  10.25
 1.7753  11.11
 1.7776  16.15
 1.7786  21.41
 1.7812  25.08
 1.7813  11.91
 1.7813  12.01
 1.7816  36.24
 1.7836  16.89
 1.7841  16.35
 1.7844  10.21
 1.7846  17.31
 1.7858  10.50
 1.7881  33.74
 1.7884  14.06
 1.7908  17.13
 1.7912  10.87
 1.7929  20.78
 1.7953  10.97
 1.7959  13.04
 1.7974  15.09
 1.7993  19.22
 1.8006  14.79
 1.8022  12.82
 1.8023  55.61
 1.8023  40.18
 1.8025  51.22
 1.8026  11.59
 1.8032  10.27
 1.8033  13.64
 1.8050  24.44
 1.8055  47.02
 1.8059  20.04
 1.8059 179.97
 1.8064  10.25
 1.8123  62.59
 1.8134  94.84
 1.8161  19.05
 1.8162  10.64
 1.8164  12.49
 1.8179  17.72
 1.8187  10.79
 1.8192  11.52
 1.8214  20.60
 1.8221  11.80
 1.8234  52.29
 1.8236  14.44
 1.8237  12.10
 1.8246  13.45
 1.8249  12.02
 1.8274  15.99
 1.8282  14.31
 1.8300  11.04
 1.8311  17.06
 1.8334  32.81
 1.8345  19.03
 1.8360  15.15
 1.8393  10.93
 1.8411  10.14
 1.8419  25.59
 1.8420  32.35
 1.8421  23.60
 1.8442  40.64
 1.8456  19.62
 1.8458  10.01
 1.8481  10.55
 1.8493  13.02
 1.8535  17.63
 1.8551  30.91
 1.8556  34.39
 1.8561  20.13
 1.8570  13.67
 1.8599  10.41
 1.8600  11.84
 1.8601  15.69
 1.8632  13.31
 1.8634  18.14
 1.8634  46.81
 1.8638  11.55
 1.8646  17.77
 1.8658  22.73
 1.8665  11.39
 1.8704  10.22
 1.8716  11.09
 1.8763  27.53
 1.8778  22.82
 1.8822  13.37
 1.8844  12.66
 1.8870  11.44
 1.8876  10.48
 1.8879  31.50
 1.8894  10.20
 1.8894  10.54
 1.8900  11.04
 1.8909  12.77
 1.8912  10.36
 1.8913  35.16
 1.8921  60.90
 1.8956  18.62
 1.8964  12.60
 1.8990  12.78
 1.8999  36.43
 1.9006  17.47
 1.9010  42.78
 1.9018  22.36
 1.9043 111.08
 1.9144  13.89
 1.9147  11.16
 1.9152  30.86
 1.9156  18.57
 1.9159  18.44
 1.9162  18.00
 1.9180  28.75
 1.9186  14.80
 1.9192  15.51
 1.9194  28.57
 1.9201  21.31
 1.9233  11.06
 1.9239  13.60
 1.9240  14.24
 1.9245  22.45
 1.9252  10.05
 1.9273  10.16
 1.9302  15.71
 1.9308  11.96
 1.9316  18.04
 1.9337  13.18
 1.9360  24.13
 1.9386  12.07
 1.9398  12.35
 1.9403  13.13
 1.9405  11.77
 1.9410  10.18
 1.9426  10.51
 1.9442  13.22
 1.9464  24.43
 1.9474  16.10
 1.9482  26.86
 1.9494  30.45
 1.9505  12.31
 1.9530  48.58
 1.9537  10.31
 1.9542  16.27
 1.9546  15.58
 1.9561  10.31
 1.9592  13.97
 1.9601  57.49
 1.9606  16.47
 1.9612  10.18
 1.9616  12.69
 1.9618  55.92
 1.9624  11.93
 1.9629  16.05
 1.9637  12.67
 1.9645  11.59
 1.9656  32.00
 1.9672  54.33
 1.9689  27.01
 1.9690  14.79
 1.9698  10.30
 1.9701  50.15
 1.9705  10.74
 1.9721  11.93
 1.9723  20.43
 1.9742  11.39
 1.9743  17.70
 1.9766  27.61
 1.9767  13.38
 1.9801  30.20
 1.9805  16.26
 1.9815  11.22
 1.9822  16.81
 1.9823  12.50
 1.9830  21.54
 1.9839  11.66
 1.9846  11.82
 1.9858  25.85
 1.9893  13.21
 1.9965  21.77
 1.9970  11.50
 1.9972  44.49
 2.0002  12.44
 2.0009  30.39
 2.0025  14.84
 2.0025  10.44
 2.0030  13.52
 2.0041  10.05
 2.0048  18.11
 2.0061  11.16
 2.0095  45.74
 2.0097  34.95
 2.0097  23.18
 2.0098  52.85
 2.0100  31.90
 2.0116  13.49
 2.0128  10.92
 2.0161  16.41
 2.0166  37.50
 2.0190  16.76
 2.0195  46.30
 2.0197  16.28
 2.0198  84.99
 2.0202  14.43
 2.0238  18.28
 2.0256  10.72
 2.0264  34.72
 2.0272  14.43
 2.0299  55.87
 2.0300  15.99
 2.0303  15.64
 2.0318  23.69
 2.0330  15.74
 2.0342  11.60
 2.0349  24.88
 2.0400  72.12
 2.0403  12.07
 2.0432  12.26
 2.0450  10.70
 2.0456  12.63
 2.0468  16.81
 2.0474  11.51
 2.0476  34.27
 2.0490  78.66
 2.0492  20.32
 2.0496  11.93
 2.0509  32.90
 2.0511  10.64
 2.0523  10.90
 2.0524  11.14
 2.0531  15.71
 2.0538  37.70
 2.0580  11.71
 2.0603  42.28
 2.0629  35.37
 2.0638  18.48
 2.0641  11.95
 2.0667  59.07
 2.0675  23.05
 2.0695  42.75
 2.0712  44.21
 2.0723  10.91
 2.0725  30.14
 2.0755  15.00
 2.0781  23.83
 2.0798  10.83
 2.0831  16.54
 2.0836  38.47
 2.0843  14.36
 2.0843  14.08
 2.0854  18.65
 2.0878  14.94
 2.0890  21.36
 2.0935  16.88
 2.0952  33.15
 2.0969  10.25
 2.0978 119.71
 2.0978  36.52
 2.0981  46.29
 2.0982  18.74
 2.0996  14.18
 2.1000  11.31
 2.1010  11.24
 2.1014  37.65
 2.1046  13.16
 2.1066  14.06
 2.1069  14.25
 2.1078  21.29
 2.1080  44.61
 2.1089  11.95
 2.1109  13.04
 2.1110  10.83
 2.1139  10.36
 2.1142  11.89
 2.1154  14.88
 2.1176  21.77
 2.1193  19.95
 2.1198  10.60
 2.1223  10.48
 2.1233  13.07
 2.1240  12.70
 2.1256  27.21
 2.1266  10.09
 2.1296  20.48
 2.1296  28.75
 2.1317  11.77
 2.1318  31.07
 2.1322  20.94
 2.1322  28.83
 2.1335  26.52
 2.1347  14.48
 2.1364 118.98
 2.1375  10.33
 2.1379  14.39
 2.1415  12.66
 2.1423  13.37
 2.1433  14.45
 2.1440  26.90
 2.1467  16.47
 2.1467  19.38
 2.1485  27.95
 2.1525  17.59
 2.1544  15.24
 2.1550  20.90
 2.1553  28.36
 2.1564  11.17
 2.1568  83.44
 2.1574  11.11
 2.1581  21.19
 2.1596  12.49
 2.1608  25.59
 2.1634  24.97
 2.1649  12.59
 2.1661  11.78
 2.1663  41.45
 2.1697  12.45
 2.1703  17.65
 2.1707  17.14
 2.1715  11.55
 2.1716  15.72
 2.1720 157.13
 2.1746  14.75
 2.1761  14.92
 2.1765  32.86
 2.1804  10.59
 2.1821  23.66
 2.1822  21.73
 2.1831  31.21
 2.1834  10.81
 2.1849  11.48
 2.1866  16.84
 2.1868  11.29
 2.1869  12.23
 2.1877  21.34
 2.1895  34.03
 2.1918  85.44
 2.1934  10.91
 2.1953  42.60
 2.1960  18.21
 2.1973  10.96
 2.2011  33.11
 2.2029  15.37
 2.2060  11.62
 2.2076  27.04
 2.2096  10.30
 2.2104  15.39
 2.2117  11.92
 2.2131  30.99
 2.2137  21.14
 2.2149  18.23
 2.2179  10.68
 2.2229  10.58
 2.2248  17.57
 2.2269  24.85
 2.2273  14.85
 2.2282  30.50
 2.2284  12.22
 2.2313  16.55
 2.2358  15.81
 2.2367  17.23
 2.2384  13.30
 2.2388  20.39
 2.2401  14.18
 2.2429  23.73
 2.2440  14.05
 2.2441  18.36
 2.2442  22.17
 2.2454  33.01
 2.2461  12.12
 2.2477  29.04
 2.2485  12.08
 2.2491  10.93
 2.2492  14.90
 2.2512  11.17
 2.2514  11.81
 2.2518  14.40
 2.2562  18.74
 2.2572  26.49
 2.2585  13.04
 2.2605  20.10
 2.2621  63.99
 2.2629  11.22
 2.2663  15.33
 2.2667  34.47
 2.2691  10.70
 2.2707  24.18
 2.2711  16.90
 2.2718  44.55
 2.2728  13.33
 2.2762  13.34
 2.2766  50.23
 2.2775  10.81
 2.2835  36.00
 2.2866  17.23
 2.2906  16.05
 2.2915  25.71
 2.2919  16.42
 2.2920  10.51
 2.2931  10.56
 2.2935  14.25
 2.2935  10.59
 2.3000  27.42
 2.3052  20.12
 2.3052  11.46
 2.3068  21.90
 2.3119 117.80
 2.3124  20.15
 2.3157  11.10
 2.3160  10.03
 2.3170  17.58
 2.3177  12.40
 2.3177  18.82
 2.3206  14.98
 2.3246  12.60
 2.3248  23.87
 2.3254  17.01
 2.3265  10.35
 2.3275  11.72
 2.3284  20.66
 2.3286  11.85
 2.3301  10.33
 2.3306  66.65
 2.3318  11.12
 2.3323  10.43
 2.3326  11.61
 2.3367  12.66
 2.3380  11.81
 2.3424  12.62
 2.3434  14.58
 2.3440  11.32
 2.3453  36.21
 2.3465  57.00
 2.3479  10.19
 2.3510  11.78
 2.3512  10.23
 2.3522  14.60
 2.3536  29.81
 2.3561  11.96
 2.3563  12.33
 2.3581  92.65
 2.3595  24.32
 2.3607  14.12
 2.3628  16.03
 2.3628  19.28
 2.3634  23.75
 2.3673  14.77
 2.3679  12.97
 2.3686  37.64
 2.3690  42.40
 2.3696  14.69
 2.3697  11.16
 2.3722  16.21
 2.3729  51.39
 2.3731  64.43
 2.3732  28.86
 2.3769  16.62
 2.3770  13.59
 2.3775  51.69
 2.3786  32.85
 2.3789  18.95
 2.3800  15.12
 2.3811  13.31
 2.3833  18.56
 2.3851  14.27
 2.3879  17.33
 2.3888  29.16
 2.3906  13.99
 2.3933 105.39
 2.3953  13.84
 2.3959  12.69
 2.3977  16.76
 2.3991  28.74
 2.4003  13.49
 2.4034  29.43
 2.4039  51.15
 2.4047  28.61
 2.4058  12.49
 2.4072  41.15
 2.4101  11.56
 2.4157  13.70
 2.4177  12.35
 2.4187  38.69
 2.4202  12.52
 2.4228  11.70
 2.4246  12.46
 2.4255  29.19
 2.4268  14.05
 2.4278  20.57
 2.4312  29.25
 2.4323  57.94
 2.4326  10.08
 2.4361  31.18
 2.4368  13.52
 2.4372  24.13
 2.4394  11.18
 2.4410  13.94
 2.4415  24.65
 2.4430  23.62
 2.4452  10.09
 2.4454  13.29
 2.4459  13.44
 2.4488  25.37
 2.4508  12.69
 2.4544  16.82
 2.4556  42.83
 2.4565  19.27
 2.4578  22.74
 2.4587 112.07
 2.4590  13.02
 2.4606  13.43
 2.4643  24.20
 2.4646  11.60
 2.4657  18.59
 2.4683  14.87
 2.4704  16.20
 2.4706  71.90
 2.4722  19.20
 2.4743  15.18
 2.4756  19.06
 2.4759  10.03
 2.4775  29.36
 2.4789  15.15
 2.4800  16.07
 2.4805  35.85
 2.4819  10.95
 2.4841  11.95
 2.4865  12.20
 2.4872  41.44
 2.4880  14.69
 2.4933  36.68
 2.4938  17.72
 2.4941  10.61
 2.4950  41.20
 2.4978  14.59
 2.4980  99.58
 2.4984  15.28
 2.5017  10.00
 2.5037  26.61
 2.5037  17.03
 2.5039  45.16
 2.5051  12.80
 2.5072  41.77
 2.5073  23.45
 2.5077  24.59
 2.5138  51.50
 2.5139  77.32
 2.5191  18.42
 2.5215  84.33
 2.5243  14.12
 2.5281  36.50
 2.5283  34.72
 2.5370  19.15
 2.5386  18.91
 2.5411  10.24
 2.5424  16.68
 2.5426  11.21
 2.5432  41.98
 2.5433  26.87
 2.5458  10.41
 2.5465  26.42
 2.5472  16.14
 2.5475  10.09
 2.5476  12.34
 2.5483  18.80
 2.5491  44.32
 2.5499  10.23
 2.5510  13.25
 2.5607  11.52
 2.5627  10.11
 2.5644  10.96
 2.5645  13.65
 2.5651  36.98
 2.5665  14.85
 2.5688 112.60
 2.5720  10.71
 2.5723  10.23
 2.5732  30.84
 2.5749  11.42
 2.5755  10.02
 2.5756  17.94
 2.5763  47.71
 2.5777  10.44
 2.5784  10.90
 2.5822  12.46
 2.5825  13.57
 2.5833  10.30
 2.5842  11.42
 2.5846  63.13
 2.5850  14.37
 2.5859  10.97
 2.5866  49.91
 2.5895  13.81
 2.5931  40.75
 2.5974  34.69
 2.6000  28.05
 2.6039  12.07
 2.6051  11.67
 2.6053  13.44
 2.6053  10.16
 2.6086  14.00
 2.6098  24.87
 2.6102  18.68
 2.6125  12.60
 2.6141  21.58
 2.6188  10.92
 2.6243  18.37
 2.6267  12.61
 2.6317  12.44
 2.6330  11.84
 2.6358  14.13
 2.6363  16.29
 2.6366  11.13
 2.6370  17.37
 2.6373  12.98
 2.6386  14.99
 2.6390  73.41
 2.6425  32.19
 2.6447  11.85
 2.6448  17.19
 2.6457  25.73
 2.6473  10.01
 2.6476  12.43
 2.6483  11.95
 2.6506  13.24
 2.6508  23.27
 2.6509  10.64
 2.6542  12.65
 2.6545  12.91
 2.6547  28.65
 2.6554  10.47
 2.6596  60.11
 2.6597  17.89
 2.6627  20.13
 2.6632  10.86
 2.6668  47.42
 2.6679  14.64
 2.6682  15.86
 2.6684  26.92
 2.6706  22.39
 2.6713  32.60
 2.6718  10.04
 2.6758  19.28
 2.6765  61.67
 2.6780  11.25
 2.6811  10.33
 2.6815  11.33
 2.6821  11.12
 2.6831  17.34
 2.6872  18.65
 2.6931  15.41
 2.6938  36.87
 2.6945  15.88
 2.6978  12.76
 2.6978  17.64
 2.7034  38.97
 2.7072  15.00
 2.7099  37.38
 2.7101  10.82
 2.7122  21.84
 2.7125  13.81
 2.7144  10.69
 2.7153  20.16
 2.7161  11.10
 2.7163  14.13
 2.7191  13.07
 2.7211  11.32
 2.7221  31.17
 2.7245  11.73
 2.7251  13.28
 2.7303  17.83
 2.7348  34.06
 2.7360  18.06
 2.7363  37.97
 2.7380  10.68
 2.7382  32.96
 2.7383  30.97
 2.7427  77.79
 2.7439  12.19
 2.7440  11.87
 2.7449  39.38
 2.7490  18.79
 2.7493  23.56
 2.7497  14.16
 2.7512  30.65
 2.7545  19.96
 2.7559  45.57
 2.7601  44.76
 2.7625  21.39
 2.7647  87.76
 2.7660  29.91
 2.7661  18.06
 2.7683  10.52
 2.7688  20.47
 2.7702  63.33
 2.7712  81.05
 2.7728  23.53
 2.7729  36.60
 2.7733  10.39
 2.7763  14.41
 2.7789  10.90
 2.7806  10.95
 2.7857  10.81
 2.7895  12.26
 2.7912  16.07
 2.7927  10.24
 2.7949  10.32
 2.7961  37.36
 2.7963  27.19
 2.8014  28.71
 2.8017  20.59
 2.8095  12.29
 2.8118  25.97
 2.8125  19.00
 2.8131 144.21
 2.8143  14.53
 2.8154  46.87
 2.8166  10.98
 2.8179  16.33
 2.8198  25.63
 2.8211  16.92
 2.8225  26.16
 2.8240  49.83
 2.8246  32.53
 2.8249  13.08
 2.8250  12.14
 2.8260  11.84
 2.8327  19.83
 2.8352  18.60
 2.8366  15.05
 2.8383  21.56
 2.8385  19.83
 2.8386  20.25
 2.8403  54.47
 2.8415  20.81
 2.8421  10.84
 2.8453  10.70
 2.8454  20.03
 2.8467  40.55
 2.8473  41.98
 2.8480  14.53
 2.8546  20.26
 2.8571  14.51
 2.8600  16.18
 2.8611  14.17
 2.8622  22.37
 2.8627  43.91
 2.8633  20.98
 2.8635  12.26
 2.8687  20.08
 2.8710  17.66
 2.8727 100.59
 2.8756  10.45
 2.8761  26.16
 2.8786  28.31
 2.8791  12.73
 2.8843  17.33
 2.8862  21.49
 2.8866  39.67
 2.8915  12.99
 2.8917  21.36
 2.8921  11.38
 2.8938  10.56
 2.8963  39.48
 2.8971  10.50
 2.9046  25.71
 2.9053  10.27
 2.9057  41.62
 2.9114  72.39
 2.9129  34.96
 2.9196  12.75
 2.9227  36.41
 2.9314  35.29
 2.9324  12.99
 2.9389  11.28
 2.9395  12.93
 2.9399  13.79
 2.9413  13.26
 2.9429  13.41
 2.9450  10.44
 2.9470  17.43
 2.9476  12.41
 2.9513  13.65
 2.9522  17.83
 2.9539  45.80
 2.9550  36.27
 2.9575  20.02
 2.9575  26.42
 2.9584  29.13
 2.9585  16.85
 2.9589  15.60
 2.9590  10.20
 2.9601  11.08
 2.9626  19.37
 2.9639  10.05
 2.9644  11.65
 2.9687  47.74
 2.9690  13.05
 2.9704  12.50
 2.9708  35.27
 2.9708  12.64
 2.9712 103.90
 2.9712  15.03
 2.9802  13.29
 2.9807  26.44
 2.9817  77.19
 2.9896  11.30
 2.9897  38.48
 2.9911  11.72
 2.9918  13.01
 2.9927  54.59
 2.9956  47.86
 2.9980  17.67
 2.9988  12.96
 3.0001  12.79
 3.0003  43.76
 3.0044  14.84
 3.0047  11.74
 3.0049  11.83
 3.0053  13.13
 3.0087  22.45
 3.0103  22.54
 3.0110  17.45
 3.0138  10.17
 3.0186 136.79
 3.0249  16.35
 3.0269  20.89
 3.0324 130.11
 3.0335  16.05
 3.0388  16.66
 3.0438  16.50
 3.0482  11.62
 3.0485  32.98
 3.0487  27.70
 3.0489  88.49
 3.0521 162.11
 3.0546  25.19
 3.0555  12.04
 3.0564  21.15
 3.0573  11.89
 3.0588  12.03
 3.0615  10.13
 3.0621  15.56
 3.0632  34.91
 3.0645  70.61
 3.0647  10.18
 3.0654  10.93
 3.0675  85.25
 3.0707  17.42
 3.0720  14.63
 3.0749  22.73
 3.0755  13.72
 3.0759  21.15
 3.0765  16.04
 3.0774  12.31
 3.0777  20.23
 3.0781  28.85
 3.0828  12.99
 3.0910  11.03
 3.0976  43.09
 3.0980  42.82
 3.0998  54.45
 3.1008  15.91
 3.1008  10.15
 3.1048  18.50
 3.1056  13.52
 3.1069  10.18
 3.1072  44.00
 3.1086  12.41
 3.1088  17.13
 3.1143  13.85
 3.1164  14.02
 3.1227  20.75
 3.1227  10.20
 3.1262  42.27
 3.1270  36.04
 3.1284  17.64
 3.1321  27.40
 3.1382  12.51
 3.1398  12.27
 3.1427  17.17
 3.1493  10.41
 3.1500  12.21
 3.1525  76.07
 3.1526  13.23
 3.1547  20.52
 3.1569  13.57
 3.1580  18.48
 3.1585 102.68
 3.1614  49.47
 3.1629  38.62
 3.1654  30.97
 3.1666  26.77
 3.1671  11.51
 3.1682  81.95
 3.1723  41.77
 3.1755  50.18
 3.1781  11.78
 3.1835  21.86
 3.1865  13.43
 3.1880  15.16
 3.1912  10.78
 3.1977  64.48
 3.1993  13.27
 3.2008  10.93
 3.2041  26.46
 3.2102  17.10
 3.2106  12.00
 3.2116  10.26
 3.2137  11.31
 3.2166  21.52
 3.2172  19.30
 3.2180  10.46
 3.2242  34.24
 3.2258  11.56
 3.2312  45.32
 3.2335  20.31
 3.2419  16.09
 3.2436  45.37
 3.2519  40.90
 3.2611  16.74
 3.2636  51.37
 3.2642  11.64
 3.2642  11.57
 3.2642  10.54
 3.2645  11.13
 3.2678  12.11
 3.2679  28.13
 3.2726  21.37
 3.2745  44.27
 3.2751  27.55
 3.2763  26.19
 3.2784  14.22
 3.2807  10.06
 3.2861  19.28
 3.2862  12.96
 3.2886  21.68
 3.2895  22.07
 3.2914  12.40
 3.2936  10.35
 3.2957  10.24
 3.3026  24.22
 3.3047  10.89
 3.3094  36.89
 3.3109  73.79
 3.3124  19.15
 3.3143  22.66
 3.3161 156.97
 3.3167  10.07
 3.3185  24.43
 3.3196  11.36
 3.3211  11.26
 3.3211  20.57
 3.3220 111.04
 3.3225  12.63
 3.3256  14.34
 3.3309  17.80
 3.3315  25.57
 3.3341  19.83
 3.3374  10.21
 3.3412  60.19
 3.3441  55.28
 3.3453  11.29
 3.3521  10.23
 3.3539 154.76
 3.3547  23.90
 3.3557  10.18
 3.3564  77.88
 3.3624  21.26
 3.3624  64.04
 3.3685  12.57
 3.3686  42.72
 3.3704  17.73
 3.3750  73.73
 3.3758  23.22
 3.3796  11.11
 3.3804  17.28
 3.3819  21.39
 3.3853  21.76
 3.3899  11.08
 3.3957  12.41
 3.3981  15.16
 3.4001  10.32
 3.4002  13.12
 3.4059  10.54
 3.4087  13.20
 3.4114  43.88
 3.4150  14.15
 3.4171  36.72
 3.4193  15.59
 3.4219  10.93
 3.4221  15.02
 3.4237  13.28
 3.4245  11.31
 3.4261  10.45
 3.4310  10.42
 3.4372  11.66
 3.4388  15.47
 3.4430  11.15
 3.4433  17.52
 3.4468  11.63
 3.4544  21.17
 3.4549  20.34
 3.4587  11.77
 3.4648  26.81
 3.4685  14.62
 3.4738  10.51
 3.4752  43.22
 3.4762  11.62
 3.4765  20.48
 3.4794  18.93
 3.4799  13.94
 3.4847  36.34
 3.4853  10.63
 3.4862  15.17
 3.4873  10.53
 3.4881  21.82
 3.4912  26.51
 3.4942  45.28
 3.4966  12.24
 3.4980  31.35
 3.4988  44.48
 3.4990  42.09
 3.5089  22.18
 3.5130  11.50
 3.5136  14.42
 3.5175  16.51
 3.5205  40.12
 3.5221  16.66
 3.5247  20.18
 3.5251  10.79
 3.5296  14.87
 3.5316  12.98
 3.5318  31.41
 3.5358  11.18
 3.5382  17.97
 3.5397  13.76
 3.5559  23.17
 3.5569  10.58
 3.5591  76.81
 3.5610  31.43
 3.5630  10.03
 3.5682  13.39
 3.5705  10.62
 3.5763  14.26
 3.5785  12.31
 3.5785  12.48
 3.5793  17.81
 3.5818  11.08
 3.5832  15.21
 3.5871  15.18
 3.5932  21.61
 3.5974  11.82
 3.5982  10.90
 3.6037  10.57
 3.6060  12.06
 3.6102  10.15
 3.6200  19.97
 3.6204  23.72
 3.6215  12.95
 3.6259  11.73
 3.6396  22.71
 3.6409  27.35
 3.6476  41.14
 3.6496  11.22
 3.6506  12.26
 3.6533  12.05
 3.6574  11.03
 3.6616 102.75
 3.6677  11.01
 3.6722  12.69
 3.6776  11.53
 3.6793  12.45
 3.6797  50.57
 3.6838  60.32
 3.6848  15.41
 3.6891  15.11
 3.6909  13.46
 3.6920  30.86
 3.7002  12.14
 3.7113  43.60
 3.7137  22.16
 3.7167  26.48
 3.7184  12.39
 3.7186  56.43
 3.7214  11.15
 3.7217  57.77
 3.7249  18.01
 3.7301  23.62
 3.7306  10.05
 3.7313  10.56
 3.7329  38.81
 3.7333  10.66
 3.7414  16.38
 3.7418  18.19
 3.7465  49.07
 3.7477  21.42
 3.7491  28.80
 3.7602  21.33
 3.7687  11.46
 3.7742  51.35
 3.7756  10.28
 3.7883  15.49
 3.7924  49.36
 3.7946  17.87
 3.8046  11.33
 3.8070  21.10
 3.8164  11.00
 3.8184  33.14
 3.8195  12.91
 3.8228 177.57
 3.8233  15.34
 3.8257  14.50
 3.8307  11.34
 3.8320  10.10
 3.8331  11.62
 3.8360 176.54
 3.8434  15.80
 3.8440  15.27
 3.8444  36.77
 3.8454  12.26
 3.8459  20.91
 3.8460  11.53
 3.8489  15.79
 3.8541  17.28
 3.8572  14.56
 3.8645  12.28
 3.8673  23.83
 3.8676  13.05
 3.8690  16.12
 3.8720 170.14
 3.8813  17.50
 3.8815  17.93
 3.8866  10.55
 3.8872  12.04
 3.8888  10.96
 3.8903  11.30
 3.8945  11.85
 3.8946  16.39
 3.8960  78.72
 3.8965  11.36
 3.9024  23.50
 3.9035  18.27
 3.9094  12.83
 3.9096  53.48
 3.9119  10.08
 3.9128  45.59
 3.9133  11.00
 3.9224  12.49
 3.9227  27.08
 3.9312  13.46
 3.9320 103.34
 3.9339  31.11
 3.9349  13.06
 3.9402  39.46
 3.9412  15.48
 3.9438  11.79
 3.9465  13.86
 3.9481  11.62
 3.9495  18.94
 3.9511  10.71
 3.9530  28.59
 3.9643  28.22
 3.9650  67.14
 3.9659  12.02
 3.9683  17.57
 3.9685  49.29
 3.9695  32.32
 3.9726  43.30
 3.9743  14.02
 3.9767  19.07
 3.9794  13.59
 3.9900  25.74
 3.9920  63.50
 3.9921  53.11
 3.9933  10.57
 3.9939  13.80
 4.0009  13.81
 4.0042  39.08
 4.0103  16.79
 4.0123  10.32
 4.0199  11.32
 4.0236  14.29
 4.0252  11.84
 4.0275  12.30
 4.0298  15.98
 4.0318  26.32
 4.0319  14.47
 4.0363  10.04
 4.0407  13.17
 4.0455  30.46
 4.0477  21.18
 4.0489  16.64
 4.0561  13.97
 4.0597  19.71
 4.0625  22.42
 4.0677  80.80
 4.0713  20.84
 4.0728  11.64
 4.0823  10.50
 4.0824 144.10
 4.0833  21.97
 4.0867  18.06
 4.0874  10.08
 4.1005  11.99
 4.1049  11.61
 4.1078  11.56
 4.1094 113.50
 4.1131  10.21
 4.1189  28.33
 4.1200  12.64
 4.1223  19.79
 4.1239  84.18
 4.1262  15.97
 4.1322  13.11
 4.1348  62.29
 4.1430  67.10
 4.1433  66.60
 4.1459  15.22
 4.1485  46.54
 4.1503  15.56
 4.1520  12.79
 4.1579  17.83
 4.1601  24.76
 4.1605  20.97
 4.1629  10.56
 4.1637  11.70
 4.1656  10.37
 4.1723 155.36
 4.1784  10.27
 4.1805  13.84
 4.1829  13.43
 4.1847  83.66
 4.1856  10.41
 4.1929  11.81
 4.1953  13.86
 4.1985  22.61
 4.2038  66.00
 4.2090  32.93
 4.2112  13.71
 4.2134  19.97
 4.2158  32.89
 4.2193  11.90
 4.2200  79.71
 4.2223  15.95
 4.2318  41.85
 4.2326  14.12
 4.2344  16.13
 4.2391  12.58
 4.2589  43.49
 4.2592  20.42
 4.2642  16.24
 4.2661  12.13
 4.2689  19.79
 4.2744  13.60
 4.2764  41.62
 4.2788  11.51
 4.2884  12.05
 4.2885  52.82
 4.3032  12.62
 4.3046  45.13
 4.3096  12.95
 4.3139  11.48
 4.3164  12.53
 4.3164  11.15
 4.3182  40.54
 4.3203  13.48
 4.3205  16.29
 4.3247  11.44
 4.3284  29.71
 4.3304  12.93
 4.3323  16.25
 4.3355  12.54
 4.3378  20.63
 4.3379  13.39
 4.3390 128.21
 4.3413  32.25
 4.3422  14.14
 4.3427  24.16
 4.3478  12.02
 4.3542  11.43
 4.3578  10.96
 4.3601  15.32
 4.3617  51.41
 4.3682  22.81
 4.3683  13.77
 4.3735  11.68
 4.3865  28.95
 4.3945  42.78
 4.4002  44.38
 4.4069  48.78
 4.4085  33.86
 4.4111  11.34
 4.4143  10.80
 4.4191  12.86
 4.4198  11.48
 4.4212  12.19
 4.4223  20.39
 4.4268  11.15
 4.4280  22.52
 4.4290  18.01
 4.4322  14.34
 4.4346  78.75
 4.4391  13.91
 4.4407  10.57
 4.4408  12.73
 4.4415 108.61
 4.4415  18.77
 4.4459  33.05
 4.4504  23.37
 4.4509  25.13
 4.4544  57.29
 4.4644  11.98
 4.4665  15.11
 4.4691  20.51
 4.4708  37.23
 4.4816  18.11
 4.4888  33.39
 4.4906  22.51
 4.5053  37.22
 4.5130  13.14
 4.5159  16.57
 4.5164  15.40
 4.5203  10.53
 4.5257  13.96
 4.5257  12.00
 4.5285  26.20
 4.5289  13.42
 4.5316  35.43
 4.5351  15.36
 4.5382  36.67
 4.5383  11.77
 4.5426  12.51
 4.5466  20.68
 4.5535  37.42
 4.5616  10.63
 4.5661  72.30
 4.5663  10.82
 4.5665  89.44
 4.5682  16.34
 4.5718  40.75
 4.5725  43.90
 4.5737 196.20
 4.5749  21.43
 4.5793  11.22
 4.5927  26.06
 4.6009  11.09
 4.6100  21.86
 4.6111  14.79
 4.6222  11.38
 4.6261 114.40
 4.6312  13.28
 4.6330  23.70
 4.6346  12.73
 4.6371  33.81
 4.6383  12.48
 4.6429  85.34
 4.6454  25.96
 4.6475  30.71
 4.6496  18.24
 4.6510  22.37
 4.6583  80.69
 4.6634  11.41
 4.6669  21.34
 4.6680  15.01
 4.6682  18.41
 4.6726  13.80
 4.6729 171.69
 4.6798  32.63
 4.6923  11.53
 4.6966  16.88
 4.6995  31.75
 4.7225  51.17
 4.7233  22.45
 4.7336  35.77
 4.7360  10.59
 4.7410  10.77
 4.7425  31.86
 4.7470  12.78
 4.7508  25.24
 4.7624  11.98
 4.7673  41.89
 4.7740  44.20
 4.7829  20.18
 4.7891  21.29
 4.7971  10.58
 4.8008  65.67
 4.8142  29.17
 4.8182 173.50
 4.8227  20.64
 4.8323  16.39
 4.8360  22.59
 4.8364  43.87
 4.8418  87.07
 4.8446  14.90
 4.8516  21.15
 4.8554  12.91
 4.8569  12.46
 4.8597  25.99
 4.8624  10.69
 4.8629  12.11
 4.8652  55.71
 4.8712  10.81
 4.8748  12.18
 4.8814  34.57
 4.8855  13.16
 4.8983  29.66
 4.8993  13.64
 4.9034  14.88
 4.9086  93.35
 4.9114  10.91
 4.9119  11.52
 4.9134  29.44
 4.9381  13.14
 4.9391  11.59
 4.9425  12.42
 4.9441  12.39
 4.9515  15.13
 4.9527  33.30
 4.9639  15.67
 4.9795  12.75
 4.9806  98.62
 4.9841  17.14
 4.9846  11.71
 4.9850  49.88
 4.9964  10.23
 4.9967  45.18
 4.9975  15.10
 4.9983  17.78
 5.0120  20.33
 5.0130  29.39
 5.0150 189.57
 5.0182  17.52
 5.0190  18.11
 5.0196  49.40
 5.0203  10.08
 5.0224  25.14
 5.0366  10.86
 5.0456  23.37
 5.0468  22.20
 5.0492  78.18
 5.0568  10.07
 5.0680  16.72
 5.0714  42.26
 5.0741  45.96
 5.0755  24.31
 5.0933  20.52
 5.0953  45.92
 5.1029  48.31
 5.1056  20.18
 5.1141  22.48
 5.1171  12.97
 5.1205  11.71
 5.1333  20.93
 5.1364  13.56
 5.1539  12.59
 5.1688  89.97
 5.1751  12.77
 5.1783  13.07
 5.1794  12.13
 5.1799  17.87
 5.1909  28.99
 5.1939  10.81
 5.1979  10.47
 5.2141  13.38
 5.2161  16.78
 5.2167  29.39
 5.2402  19.30
 5.2614  18.19
 5.2664  32.48
 5.2793  16.99
 5.2830  16.92
 5.2848  29.42
 5.2918  19.84
 5.2936  10.16
 5.3023  15.79
 5.3066  10.21
 5.3083  13.01
 5.3119  15.21
 5.3150  10.63
 5.3192  13.45
 5.3250  13.79
 5.3255  16.68
 5.3430  15.31
 5.3497  24.48
 5.3540  36.41
 5.3570  13.59
 5.3589  13.52
 5.3618  62.62
 5.3695  10.41
 5.3748  35.09
 5.3861  31.81
 5.3863  67.74
 5.3887  79.08
 5.3901  10.67
 5.3918  16.62
 5.3955 164.82
 5.4016  13.77
 5.4127  15.40
 5.4179  17.60
 5.4185  24.12
 5.4198  43.04
 5.4216  16.10
 5.4258 159.89
 5.4288  26.85
 5.4377  12.09
 5.4392  38.95
 5.4405  15.74
 5.4463  12.21
 5.4594 109.31
 5.4608 142.89
 5.4619  37.55
 5.4626  18.08
 5.4631  24.01
 5.4730  11.37
 5.4782  28.23
 5.4797  15.87
 5.4818  10.56
 5.4852  43.71
 5.4924  15.24
 5.4957  10.29
 5.4962  14.39
 5.4980  14.11
 5.4990  13.01
 5.5073  13.10
 5.5104  53.29
 5.5106  18.82
 5.5141  13.10
 5.5208  25.96
 5.5223  37.88
 5.5224  12.01
 5.5243  21.53
 5.5300  13.42
 5.5385  53.80
 5.5427  24.67
 5.5487  64.92
 5.5628  12.94
 5.5753  24.92
 5.5768  29.37
 5.5905  10.52
 5.5936  57.08
 5.5965  73.67
 5.6014  37.44
 5.6090  12.87
 5.6153  14.79
 5.6172  11.13
 5.6192  13.22
 5.6483  43.48
 5.6542  23.30
 5.6662  15.12
 5.6778  40.36
 5.6804  10.96
 5.6806  14.60
 5.6906  11.32
 5.6911  20.90
 5.6931  19.84
 5.6959  10.72
 5.6981  15.16
 5.7055  11.37
 5.7263  14.45
 5.7276  10.81
 5.7332  10.44
 5.7489  22.92
 5.7535  67.86
 5.7554  15.70
 5.7557  22.63
 5.7587  64.45
 5.7610  10.08
 5.7664  13.91
 5.7950  42.79
 5.8033  11.97
 5.8158  36.33
 5.8184  21.05
 5.8350  16.28
 5.8389 138.35
 5.8413  59.09
 5.8502  11.36
 5.8560  12.82
 5.8579  10.03
 5.8643  26.10
 5.8666  47.94
 5.8716 195.80
 5.8747 148.49
 5.8781  14.99
 5.8901  11.44
 5.8969  26.68
 5.9234  18.41
 5.9257  27.22
 5.9402  14.32
 5.9423  64.15
 5.9426  17.90
 5.9489  22.57
 5.9548  60.87
 5.9585  10.99
 5.9598  14.60
 5.9637  87.68
 5.9690  13.41
 5.9700  10.31
 5.9730  12.30
 5.9802  11.07
 5.9886  19.59
 6.0166  11.25
 6.0175  10.22
 6.0626  49.96
 6.0768  67.44
 6.0885  42.36
 6.0984  13.27
 6.1063  17.78
 6.1155  16.70
 6.1191  18.26
 6.1201  16.34
 6.1227  19.68
 6.1228  11.24
 6.1235  14.94
 6.1285  29.84
 6.1292  66.72
 6.1405  14.24
 6.1595  12.93
 6.1612  47.79
 6.1685  31.67
 6.1700  19.63
 6.1774  31.16
 6.1886  41.45
 6.1989  13.32
 6.2035 167.13
 6.2139  21.58
 6.2202 155.12
 6.2218 104.62
 6.2239  32.46
 6.2289  96.20
 6.2312  20.97
 6.2392  16.20
 6.2475  10.45
 6.2551  29.25
 6.2559  43.56
 6.2676 108.45
 6.2930  10.95
 6.3032  21.72
 6.3202  19.54
 6.3224  12.44
 6.3277  10.95
 6.3337  14.46
 6.3376  15.38
 6.3417  55.40
 6.3567  11.31
 6.3672  10.14
 6.3749  10.58
 6.3877  51.00
 6.3891  10.25
 6.3907  18.11
 6.3917  43.93
 6.4091  55.89
 6.4343  11.10
 6.4418  20.87
 6.4457  29.02
 6.4591  41.86
 6.4629  12.63
 6.4688  11.34
 6.4710  17.40
 6.4841  11.79
 6.4918  67.84
 6.5047  10.75
 6.5415  18.90
 6.5444  16.09
 6.5549  26.88
 6.5879  36.67
 6.5923  12.45
 6.5972  10.59
 6.5972  19.80
 6.6136  10.70
 6.6138  10.65
 6.6184  11.95
 6.6468  31.49
 6.6503  11.10
 6.6633  15.06
 6.6810 154.96
 6.6842 130.89
 6.6983  41.39
 6.6988  36.11
 6.7004 126.97
 6.7110  22.96
 6.7127  23.49
 6.7133  24.65
 6.7174  11.42
 6.7381  16.05
 6.7388  11.06
 6.7735  13.64
 6.7817  22.90
 6.8101  98.36
 6.8198  25.78
 6.8357  15.20
 6.8390  20.45
 6.8584  31.18
 6.8588  27.64
 6.8641  42.95
 6.8706  12.38
 6.8840  14.12
 6.9116  60.34
 6.9236  12.93
 6.9420  20.75
 6.9538  12.67
 6.9894  27.05
 7.0120  45.78
 7.0123  10.47
 7.0134  11.32
 7.0240  44.96
 7.0306  25.35
 7.0411 136.06
 7.0427  10.05
 7.0806  43.71
 7.0845  15.77
 7.0902  25.15
 7.1245 110.84
 7.1253  12.19
 7.1377  98.05
 7.1473  21.50
 7.1663  12.60
 7.1677  41.72
 7.1743  41.07
 7.2143  39.80
 7.2151  12.56
 7.2216  13.73
 7.2328  66.26
 7.2491  37.73
 7.2901  10.43
 7.2981  12.69
 7.3588 113.21
 7.3953  11.16
 7.3957  18.64
 7.4034  55.43
 7.4064  15.28
 7.4161  74.69
 7.4286  17.30
 7.4421  25.66
 7.4472  10.43
 7.4672  27.06
 7.4749  11.80
 7.4762  13.83
 7.4774  11.21
 7.5147  24.72
 7.5174  11.76
 7.5482  15.16
 7.5532  11.60
 7.5639  12.40
 7.5652  28.29
 7.5768  24.53
 7.5792  35.02
 7.5842  22.62
 7.5896  12.99
 7.5919  52.18
 7.5976  27.90
 7.6055  17.13
 7.6130  15.20
 7.6215  16.65
 7.6550  13.16
 7.6585  12.88
 7.7204  16.11
 7.7405 106.45
 7.7585  11.04
 7.7724  12.24
 7.7837  12.36
 7.7847  59.99
 7.7986  11.01
 7.7993  10.95
 7.8029  14.92
 7.8030  32.61
 7.8133 146.44
 7.8687  56.58
 7.8697  15.64
 7.8925  11.93
 7.9355  17.94
 7.9795  23.45
 7.9841  33.90
 7.9930  43.71
 8.0051  29.16
 8.0160  14.02
 8.0190  20.14
 8.0821  41.67
 8.2197  66.74
 8.2352  14.31
 8.2363  10.47
 8.2738  11.94
 8.3057  26.80
 8.3177  24.42
 8.3177  52.85
 8.3553  19.27
 8.3881  12.69
 8.3888  19.04
 8.4186  20.86
 8.4274  25.52
 8.4309  43.04
 8.4518  10.91
 8.4643  33.65
 8.4647  10.38
 8.4655 134.96
 8.5332  24.62
 8.6047 198.66
 8.6073  10.14
 8.6128  41.30
 8.6150  45.59
 8.6162  19.49
 8.6349  12.77
 8.6588  41.13
 8.7167  31.08
 8.7232  29.12
 8.7268  12.16
 8.8231  16.77
 8.8857  22.15
 8.9212  31.44
 8.9455  17.57
 8.9591  20.50
 8.9857 190.19
 9.0055  20.59
 9.0233  14.48
 9.0439  10.96
 9.0714  13.98
 9.0906  15.80
 9.1638  62.81
 9.2204  15.52
 9.2510  23.41
 9.2857  11.35
 9.2946  11.02
 9.2992  21.06
 9.3456  14.26
 9.3836  12.07
 9.4517  52.64
 9.4641  11.66
 9.4673  33.81
 9.4755  31.04
 9.5058  71.08
 9.5077  13.67
 9.5505  51.64
 9.5972  24.72
 9.6176  55.30
 9.6330  21.35
 9.6339  13.11
 9.6864  64.82
 9.7073  10.92
 9.7610  77.01
 9.7616  15.42
 9.7818  11.95
 9.7993  66.65
 9.8245  21.83
 9.8378  26.75
 9.8844  13.48
 9.9089  14.60
 9.9167  45.44
 9.9356 169.87
 9.9527  12.20
 9.9728  72.94
 9.9843  41.09
 9.9998  11.36
10.1335 186.71
10.1707  26.06
10.1780  18.34
10.1797  10.41
10.2100  26.38
10.2771  20.48
10.3306  18.63
10.3479  21.17
10.3694  17.16
10.4760  15.33
10.5065  12.22
10.5081  65.77
10.6010  47.82
10.6146  32.16
10.6889  64.75
10.7017  45.30
10.7991  43.33
10.8473  26.25
10.8766  14.06
10.9007  27.03
10.9157  10.87
10.9457  90.00
11.0763  11.67
11.1752  45.70
11.2860 164.99
11.3023  11.32
11.3351 169.92
11.3633  44.76
11.4393 105.15
11.4756  43.71
11.4851  10.25
11.8044  11.72
11.8609 161.21
12.0846  12.41
12.1002  43.44
12.1892  37.97
12.2112 180.20
12.3391  11.40
12.3770  43.24
12.4228  25.41
12.8543  22.55
12.8554  14.89
12.9802  38.80
12.9958  21.07
13.0202  14.55
13.0816 105.23
13.1666  11.12
13.1668  17.87
13.2507  22.00
13.4879 176.30
13.7277  40.83
14.0622  75.96
14.0925  22.69
14.1965  45.45
14.3810  14.95
14.4320  14.68
14.7028  43.94
14.8906  37.47
14.8955 164.07
15.0707  20.01
15.2168  53.47
15.2188 146.23
15.3603  52.86
15.4746  10.07
15.7382  59.14
15.7724 136.52
15.7976  10.93
15.9032  12.81
15.9459  20.59
15.9778 114.69
16.0501 125.82
16.0964  16.82
16.1764  16.19
16.2215  43.64
16.3279  39.81
16.5206  12.40
16.9504 184.23
17.1923  35.82
17.2635  88.20
17.4421  20.44
17.7802  46.22
17.9556  45.57
18.0395 193.76
18.0566  50.50
18.2730 132.20
18.3835  11.20
18.4808  22.03
18.5440  38.11
18.8518  15.46
19.0640  79.72
19.2036  16.72
19.3077  28.60
19.4925  15.36
19.6569  45.36
19.7773 113.42
19.9788  18.77
19.9890 101.79
20.0845  29.85
20.1493  47.52
20.2182  88.87
20.3993  44.57
20.6548 106.45
20.6942  13.30
20.7675  21.27
21.3364 162.79
21.4319 161.50
22.0078  13.59
22.1778  77.16
22.3949  40.43
22.4655 155.15
22.6334 134.90
22.7314  42.93
22.9902  12.08
23.2479  92.55
23.3048  45.38
23.3359  10.15
23.6054 102.87
23.7108  62.94
24.0226  15.25
24.3855  70.15
25.0218  37.96
25.0857  57.77
25.1418  22.59
26.0365 173.75
26.2191 150.27
26.2495  32.16
26.3626  40.80
26.3711 189.38
26.4421  11.21
26.6259  90.44
26.9727  48.11
27.2166  11.86
27.6828 199.74
27.9748 165.71
28.5896  12.14
28.6921  39.25
29.2505 157.94
29.4431 133.41
29.8342  57.67
31.3751  11.97
31.9335  22.09
32.2376 100.14
32.2438 150.40
32.5876  72.90
32.8217 199.15
33.2211 192.24
33.2417  32.49
33.3349 111.00
34.0544 144.06
34.1357  85.98
34.9695  53.98
35.0275 174.92
35.7786 157.08
36.0328  89.57
37.6713 127.00
38.0927 109.39
38.7630 152.18
38.8107  77.20
39.3274 173.17
