 0.5871  12.32
 0.5940  67.04
 0.5948  32.88
 0.5957  19.14
 0.5992 144.32
 0.5996  10.61
 0.6011  16.16
 0.6035  12.09
 0.6051  52.42
 0.6084  19.23
 0.6118 182.58
 0.6149  12.20
 0.6206  14.33
 0.6206  25.03
 0.6232  12.44
 0.6264  11.20
 0.6281  20.71
 0.6308  10.42
 0.6330  31.98
 0.6335  22.41
 0.6338  11.70
 0.6340  13.61
 0.6348  11.05
 0.6404  10.67
 0.6434  92.95
 0.6448 132.86
 0.6482  17.00
 0.6494  13.60
 0.6529  34.26
 0.6556  16.61
 0.6595  14.26
 0.6602  10.96
 0.6636  13.27
 0.6657  11.70
 0.6670  11.92
 0.6676  16.07
 0.6763  22.31
 0.6844  19.32
 0.6858  12.03
 0.6877  11.94
 0.6879  13.64
 0.6894  25.64
 0.6900  17.67
 0.6940  24.74
 0.7000  21.11
 0.7044  20.70
 0.7047  43.25
 0.7067  32.30
 0.7075  27.21
 0.7165  13.93
 0.7168  55.38
 0.7196  12.28
 0.7215  14.31
 0.7230  16.25
 0.7234  23.30
 0.7292  12.06
 0.7306  18.64
 0.7306  38.73
 0.7335  34.46
 0.7358  31.73
 0.7360  25.19
 0.7369  34.82
 0.7371  11.13
 0.7420  13.97
 0.7425  12.26
 0.7442  11.08
 0.7450  11.99
 0.7614  11.19
 0.7619  17.78
 0.7630  10.48
 0.7690  29.78
 0.7709  17.06
 0.7709  10.90
 0.7711  84.88
 0.7729  13.59
 0.7769  14.01
 0.7777  13.46
 0.7792  13.16
 0.7851  10.78
 0.7873  13.30
 0.7903  11.08
 0.7912  25.24
 0.7916  22.34
 0.7954  10.93
 0.8059  40.79
 0.8072  15.24
 0.8150  11.04
 0.8164  13.92
 0.8177  40.53
 0.8195  12.17
 0.8195  12.73
 0.8281  10.78
 0.8326  21.63
 0.8328  30.61
 0.8361  10.78
 0.8374  22.01
 0.8397  28.68
 0.8409  72.86
 0.8449  31.62
 0.8535  27.20
 0.8569  14.30
 0.8578  12.60
 0.8631  11.69
 0.8637  14.83
 0.8675  23.91
 0.8685  11.00
 0.8695  69.25
 0.8707  13.01
 0.8763  28.97
 0.8809  15.77
 0.8811  16.34
 0.8822  14.34
 0.8848  12.70
 0.8886  13.53
 0.8908  17.74
 0.8909  61.25
 0.8931  36.19
 0.8978  14.94
 0.9025  23.63
 0.9042  12.45
 0.9047  19.37
 0.9098  14.79
 0.9149  16.82
 0.9152  26.43
 0.9180  10.18
 0.9237  12.05
 0.9262  49.75
 0.9264  26.52
 0.9265  15.12
 0.9274  58.75
 0.9280  40.40
 0.9283  11.51
 0.9308  12.20
 0.9337 125.75
 0.9348  18.51
 0.9412  25.49
 0.9456  44.33
 0.9503  11.35
 0.9517  20.70
 0.9543  18.09
 0.9545  12.86
 0.9625  20.37
 0.9665  12.89
 0.9678  20.78
 0.9686  10.76
 0.9746  34.11
 0.9832  17.13
 0.9839  33.07
 0.9886  11.71
 0.9898  52.02
 0.9910  13.44
 0.9935  32.13
 0.9992  17.27
 0.9994  41.89
 0.9995  11.58
 1.0033  11.90
 1.0092  80.66
 1.0189  19.05
 1.0191  12.31
 1.0199  21.84
 1.0222  12.66
 1.0238  22.02
 1.0242  13.32
 1.0282  15.69
 1.0333  20.56
 1.0355  11.18
 1.0408  10.54
 1.0451  13.46
 1.0459  26.39
 1.0500  17.50
 1.0531  13.15
 1.0541  10.39
 1.0548  18.54
 1.0562  45.17
 1.0613  10.86
 1.0632  10.17
 1.0648  28.61
 1.0653  91.30
 1.0692  17.94
 1.0795  11.59
 1.0795  10.78
 1.0820  11.75
 1.0902  20.69
 1.0906  14.27
 1.0933  12.06
 1.0946  24.99
 1.0966  29.70
 1.1084  81.06
 1.1112  12.91
 1.1134  12.95
 1.1141  25.98
 1.1157  10.31
 1.1173  66.11
 1.1178  48.92
 1.1312  63.31
 1.1312  11.93
 1.1347  17.35
 1.1382  10.86
 1.1432  11.31
 1.1440  16.48
 1.1492  10.83
 1.1541  31.77
 1.1544  64.26
 1.1564  32.53
 1.1587  16.11
 1.1635  29.44
 1.1653  13.26
 1.1653  11.33
 1.1720  12.30
 1.1745  95.38
 1.1756  18.33
 1.1781  16.63
 1.1789  10.30
 1.1810  10.55
 1.1815  17.83
 1.1822  12.10
 1.1824  16.72
 1.1828  30.67
 1.1846  10.50
 1.1899  32.55
 1.1921  10.72
 1.1927  14.40
 1.1941  15.11
 1.1954  10.28
 1.1968  52.64
 1.2000  27.02
 1.2036  23.66
 1.2050  11.81
 1.2084  14.70
 1.2109  28.12
 1.2146  11.16
 1.2308  12.36
 1.2329  20.44
 1.2375  18.31
 1.2383  10.23
 1.2420  13.30
 1.2462  15.48
 1.2531  20.48
 1.2533  13.77
 1.2543  14.27
 1.2551  15.88
 1.2574  10.99
 1.2672  14.98
 1.2700  11.27
 1.2749  41.10
 1.2857  14.22
 1.2922  23.25
 1.2942  34.52
 1.2983  10.74
 1.2986  18.73
 1.3060  14.03
 1.3070  12.85
 1.3087  38.38
 1.3132  11.04
 1.3144  20.81
 1.3158  22.36
 1.3168  17.11
 1.3238  14.11
 1.3368  63.74
 1.3374  10.89
 1.3377  11.20
 1.3451  15.73
 1.3473  26.44
 1.3481  12.86
 1.3510  10.41
 1.3551  13.18
 1.3596  28.86
 1.3701  15.28
 1.3721  27.63
 1.3726  11.85
 1.3760  10.64
 1.3767  21.96
 1.3851  23.62
 1.3905  10.96
 1.4017  12.43
 1.4024  19.66
 1.4133  20.28
 1.4145  13.03
 1.4161  27.44
 1.4235  11.44
 1.4271  22.23
 1.4304  10.91
 1.4308  19.00
 1.4309  50.56
 1.4312  22.32
 1.4313  38.38
 1.4325  15.83
 1.4372  30.80
 1.4437  39.60
 1.4441  31.20
 1.4514  12.02
 1.4520  13.14
 1.4548 135.32
 1.4604  10.56
 1.4651  19.08
 1.4682  14.60
 1.4735  10.53
 1.4791  22.78
 1.4794  11.52
 1.4886  11.27
 1.4929  11.25
 1.4984  10.28
 1.5011  17.57
 1.5055  56.91
 1.5119  13.26
 1.5144  15.77
 1.5150  95.68
 1.5181  19.37
 1.5224  19.11
 1.5228  33.26
 1.5245  14.54
 1.5263  13.72
 1.5354  13.37
 1.5361  16.59
 1.5367  14.35
 1.5521  68.38
 1.5526  10.30
 1.5531  56.98
 1.5573  23.50
 1.5609  41.47
 1.5631  12.64
 1.5650  16.68
 1.5715  32.42
 1.5750  10.27
 1.5750  19.67
 1.5759  21.98
 1.5764  47.79
 1.5788  12.18
 1.5810  12.51
 1.5927  19.37
 1.5983  17.87
 1.6016  32.62
 1.6022  16.44
 1.6062  15.29
 1.6078  17.61
 1.6090  11.38
 1.6124  13.04
 1.6126  51.64
 1.6144  11.12
 1.6153  23.88
 1.6158  28.35
 1.6213  10.77
 1.6247  18.37
 1.6265  15.06
 1.6266  30.50
 1.6350  12.92
 1.6398  10.42
 1.6426  27.60
 1.6431  22.46
 1.6451  15.42
 1.6488  22.86
 1.6548  23.96
 1.6614  26.06
 1.6650  11.88
 1.6659  20.93
 1.6726  16.45
 1.6761  17.86
 1.6778  14.47
 1.6855  13.47
 1.6897  11.26
 1.6913  11.12
 1.6925  42.09
 1.6950  21.44
 1.6950  72.94
 1.6971  19.22
 1.6973  37.35
 1.6993  37.09
 1.6993  13.10
 1.7008  22.84
 1.7047  15.93
 1.7075  19.69
 1.7168  15.45
 1.7180  31.95
 1.7208  48.93
 1.7216  14.86
 1.7259  28.14
 1.7347  11.21
 1.7365  22.37
 1.7371  14.89
 1.7387  35.16
 1.7445  10.25
 1.7489  45.46
 1.7573  11.06
 1.7590  10.31
 1.7618  10.06
 1.7636 100.40
 1.7646  36.27
 1.7705  23.09
 1.7710  75.22
 1.7749  12.39
 1.7774  90.56
 1.7786  10.19
 1.7786  16.53
 1.7790  32.27
 1.7848  17.91
 1.7850  11.22
 1.7928  43.80
 1.7930  10.68
 1.8091 157.54
 1.8131  40.33
 1.8264  17.30
 1.8347  23.50
 1.8368  24.24
 1.8371  11.73
 1.8391  32.19
 1.8405  41.56
 1.8436  11.04
 1.8490  51.75
 1.8517  54.96
 1.8546  10.31
 1.8612  10.55
 1.8626  40.75
 1.8797  22.37
 1.8807  17.54
 1.8843 153.51
 1.8974  10.03
 1.8991  13.08
 1.8998  25.07
 1.9016  22.78
 1.9081  11.14
 1.9121  11.74
 1.9346  10.74
 1.9357  11.54
 1.9380  32.64
 1.9380  10.82
 1.9416  10.73
 1.9470  35.16
 1.9484  11.67
 1.9491  10.12
 1.9540  10.98
 1.9548  10.67
 1.9552  10.20
 1.9565  16.63
 1.9607  35.96
 1.9628  45.69
 1.9653  40.78
 1.9666  10.95
 1.9714  10.00
 1.9722  11.02
 1.9873  24.28
 1.9911  31.39
 1.9916  15.11
 1.9931 126.73
 2.0043  10.88
 2.0057  14.26
 2.0110  15.14
 2.0159  27.78
 2.0174  10.14
 2.0232  11.06
 2.0259  12.74
 2.0276 149.07
 2.0285  54.02
 2.0341  14.80
 2.0351  11.67
 2.0352  13.95
 2.0499  16.24
 2.0506  28.67
 2.0534  10.14
 2.0562  25.71
 2.0571  25.86
 2.0578  12.93
 2.0613  50.10
 2.0634  22.69
 2.0671  51.70
 2.0673  67.69
 2.0741  15.24
 2.0750  15.75
 2.0751  57.04
 2.0768  10.22
 2.0770  10.48
 2.0790  10.54
 2.0862  39.51
 2.0882  13.30
 2.0895  12.01
 2.0900  25.53
 2.0941  25.70
 2.0949 111.18
 2.1047  18.19
 2.1143  11.51
 2.1148  15.92
 2.1151  10.45
 2.1300  12.12
 2.1346  20.97
 2.1367  14.16
 2.1429  10.90
 2.1453  10.12
 2.1527  18.59
 2.1536  10.48
 2.1645  26.09
 2.1672  21.13
 2.1865  28.96
 2.1946  20.33
 2.1969  13.21
 2.1975  50.02
 2.1991  11.71
 2.2032  11.20
 2.2075  17.19
 2.2095  14.46
 2.2351  25.07
 2.2373  14.44
 2.2377  15.10
 2.2468  13.25
 2.2493  38.20
 2.2589  16.00
 2.2599  24.69
 2.2621  13.02
 2.2716  11.24
 2.2758  24.76
 2.2769  10.32
 2.2940  19.48
 2.2981  13.44
 2.3011  52.98
 2.3016  12.27
 2.3032  13.84
 2.3037  15.92
 2.3053 113.02
 2.3064  67.40
 2.3207  30.61
 2.3289  46.17
 2.3290  10.17
 2.3339 160.47
 2.3358  10.40
 2.3456  10.66
 2.3463  10.64
 2.3494  16.85
 2.3502  11.45
 2.3519  33.10
 2.3520  16.55
 2.3672  39.47
 2.3767  13.08
 2.3885  23.66
 2.3891  10.24
 2.3927  18.63
 2.3932  13.53
 2.3995  29.65
 2.4004  14.64
 2.4057  50.00
 2.4085  11.36
 2.4142  11.36
 2.4143  16.59
 2.4172  10.66
 2.4230  15.09
 2.4303  12.21
 2.4333  15.56
 2.4360  14.91
 2.4363  40.70
 2.4401  13.48
 2.4464  18.05
 2.4486  60.55
 2.4493  11.47
 2.4548  11.26
 2.4580  24.20
 2.4657  13.45
 2.4667  14.61
 2.4714  20.94
 2.4878  16.65
 2.4897  13.31
 2.4950  24.17
 2.4982  22.47
 2.4985  10.57
 2.5104  12.93
 2.5141  18.88
 2.5152  23.46
 2.5189  15.69
 2.5233  12.20
 2.5341  10.76
 2.5385  16.87
 2.5424  24.69
 2.5470  50.72
 2.5590  22.53
 2.5642  61.71
 2.5733  10.14
 2.5753  24.34
 2.5760  19.46
 2.5802  11.48
 2.5926  10.70
 2.5978  10.51
 2.6031  12.32
 2.6154  17.75
 2.6169  57.70
 2.6202  12.95
 2.6218  12.14
 2.6244  15.60
 2.6469  35.68
 2.6485  12.48
 2.6515  14.92
 2.6549  10.06
 2.6597  12.83
 2.6607  16.19
 2.6798  11.50
 2.6846  26.29
 2.6860  17.26
 2.6886  69.18
 2.6916  31.09
 2.6946  71.29
 2.7041  75.35
 2.7088  13.91
 2.7121  13.59
 2.7146 134.28
 2.7170  10.51
 2.7323  43.91
 2.7346  10.72
 2.7347  19.64
 2.7369  17.14
 2.7390  17.39
 2.7422  12.67
 2.7453  30.32
 2.7512  52.14
 2.7587  12.17
 2.7664  34.19
 2.7732  14.60
 2.7763  19.73
 2.7790  19.01
 2.7873  20.02
 2.7966  55.07
 2.8062 100.24
 2.8144  20.46
 2.8232  25.17
 2.8263 120.34
 2.8328  23.00
 2.8345  10.68
 2.8427  18.52
 2.8492  15.83
 2.8630  12.35
 2.8655  10.43
 2.8668  19.26
 2.8728  35.93
 2.8731  10.49
 2.8733  11.14
 2.8763  19.41
 2.8961  13.88
 2.9000  25.02
 2.9033 144.74
 2.9221  13.46
 2.9294  10.69
 2.9296 166.41
 2.9351  11.17
 2.9377  13.37
 2.9394  10.65
 2.9441  78.47
 2.9500  13.87
 2.9569  15.36
 2.9634  16.31
 2.9697  11.99
 2.9706  48.21
 2.9766  10.09
 2.9772 128.63
 2.9774  13.33
 2.9789  13.23
 2.9811 190.10
 2.9884  13.49
 2.9961  17.54
 2.9993  10.56
 3.0107  28.82
 3.0247  35.04
 3.0279  10.54
 3.0297  17.33
 3.0339  19.69
 3.0409  14.66
 3.0585  11.81
 3.0717  20.00
 3.0964  42.95
 3.0995  59.95
 3.1018  34.53
 3.1058  12.15
 3.1083  14.92
 3.1107  10.74
 3.1376  10.41
 3.1502  11.70
 3.1527  12.90
 3.1680  11.44
 3.1683  16.03
 3.1719  19.44
 3.1822  16.06
 3.1838  34.06
 3.1945  13.97
 3.2037  12.71
 3.2155  11.29
 3.2156  20.62
 3.2209  44.31
 3.2383  18.86
 3.2405  18.08
 3.2416  38.32
 3.2441  18.39
 3.2553  15.15
 3.2688  11.71
 3.2772  19.71
 3.2785  30.05
 3.2859  15.94
 3.2862  31.51
 3.3081  11.11
 3.3107  35.83
 3.3126  52.16
 3.3161  20.99
 3.3293  13.42
 3.3338  21.33
 3.3365  88.82
 3.3405  10.86
 3.3454  30.66
 3.3587  16.29
 3.3638 138.95
 3.3653  35.82
 3.4157  36.32
 3.4448  21.24
 3.4619  25.40
 3.4769  20.77
 3.4865  14.01
 3.4914  11.10
 3.4934 132.96
 3.4950  24.40
 3.4963  13.84
 3.4964  24.55
 3.5032  36.65
 3.5056  20.43
 3.5078  14.64
 3.5089 102.89
 3.5230  11.62
 3.5350  11.84
 3.5414  14.35
 3.5561  65.79
 3.5572  12.28
 3.5631  77.09
 3.5733  14.03
 3.5745  24.74
 3.5850  47.92
 3.5858  22.67
 3.5927  17.53
 3.5927  34.96
 3.5986  12.46
 3.6012  26.04
 3.6080  16.46
 3.6120  29.23
 3.6144  11.18
 3.6203  20.18
 3.6207  16.65
 3.6227 131.01
 3.6588  40.24
 3.6620  11.43
 3.6665  12.51
 3.6718  42.26
 3.6803  15.46
 3.6887  14.37
 3.6894  14.15
 3.6967  10.74
 3.7151  46.24
 3.7189  19.60
 3.7249  20.37
 3.7260  11.47
 3.7365  13.21
 3.7400  19.64
 3.7422  23.20
 3.7449  15.14
 3.7468  13.35
 3.7501  10.39
 3.7682  12.06
 3.7732  56.07
 3.7760  11.77
 3.7998  11.10
 3.8149  23.86
 3.8269  27.36
 3.8341  83.99
 3.8357  10.18
 3.8358  21.89
 3.8447  71.06
 3.8541  10.85
 3.8648  21.08
 3.8674  33.97
 3.8744  11.27
 3.8752  15.32
 3.8756  39.86
 3.8801  15.08
 3.8942  33.28
 3.9110  10.06
 3.9228  44.08
 3.9300 100.78
 3.9428  11.03
 3.9538  11.85
 3.9548  12.54
 3.9568  42.87
 3.9590  10.15
 3.9594  71.15
 3.9658  11.42
 3.9681  31.89
 3.9786  10.25
 3.9803  43.18
 3.9822  12.35
 3.9941  10.70
 4.0027  18.37
 4.0055  32.82
 4.0132  20.62
 4.0149  10.87
 4.0154  15.00
 4.0212  13.79
 4.0339  13.20
 4.0352  13.94
 4.0413  11.31
 4.0416  16.90
 4.0483  12.41
 4.0598  16.25
 4.0771  19.39
 4.1023  15.85
 4.1056  10.10
 4.1198  16.19
 4.1280  32.99
 4.1312  15.78
 4.1338  30.36
 4.1395  13.00
 4.1487  18.10
 4.1498  13.71
 4.1571  26.50
 4.1607  26.84
 4.1622  10.97
 4.1873 126.99
 4.2000  38.85
 4.2133  18.59
 4.2204  78.68
 4.2222  11.51
 4.2243  26.90
 4.2335  24.30
 4.2595  17.70
 4.2699  17.89
 4.2725  19.27
 4.2868  13.24
 4.2880  19.32
 4.2902  51.93
 4.2909  20.17
 4.3076  10.49
 4.3099  16.80
 4.3315  22.97
 4.3325  28.99
 4.3341  12.35
 4.3452  11.04
 4.3505  10.52
 4.3519  12.88
 4.3609  21.71
 4.3704  19.16
 4.3788  16.81
 4.3839  13.35
 4.4376  12.11
 4.4414  15.85
 4.4508  14.37
 4.4583  23.75
 4.4661  10.24
 4.4665  17.03
 4.4756  11.04
 4.4782  27.36
 4.4803  19.08
 4.5138  23.14
 4.5152  11.09
 4.5224  15.41
 4.5253  11.54
 4.5266  11.08
 4.5364  11.55
 4.5449  14.23
 4.5462  11.28
 4.5521  66.98
 4.5537  38.19
 4.5634  11.92
 4.5644  10.48
 4.6069  23.68
 4.6511  12.56
 4.7194  12.20
 4.7212  13.51
 4.7276  14.10
 4.7595  10.51
 4.7616  61.66
 4.7715  11.37
 4.7782  13.39
 4.8076  35.71
 4.8128  46.73
 4.8293  56.17
 4.8562  16.43
 4.8606  15.72
 4.8871  21.80
 4.8939  12.76
 4.9233  33.67
 4.9281  47.22
 4.9337  33.36
 4.9460  10.97
 4.9594  67.38
 4.9976  10.94
 5.0138  11.09
 5.0251  10.51
 5.0286  24.97
 5.0349  34.22
 5.0521  11.90
 5.0574  10.19
 5.0648  12.28
 5.0741  10.10
 5.0829  17.15
 5.0909  12.39
 5.0982  22.56
 5.1280  37.75
 5.1416  12.59
 5.1492  11.73
 5.1780  11.42
 5.2079  11.33
 5.2085  12.66
 5.2268  10.75
 5.2277  23.31
 5.2278  27.70
 5.2395  11.31
 5.2529 105.33
 5.2559  19.42
 5.2698  10.02
 5.2776  14.73
 5.2920  15.74
 5.2926  28.34
 5.3401  15.53
 5.3432  20.65
 5.3505  27.92
 5.3625  15.33
 5.3889  12.93
 5.3912  97.99
 5.4141  10.21
 5.4152  12.67
 5.4227  10.11
 5.4335  11.97
 5.4565  44.62
 5.4782  10.84
 5.5023 104.39
 5.5207  24.55
 5.5224  15.04
 5.5407  10.36
 5.5610  19.48
 5.5850  28.05
 5.6014  20.45
 5.6166  10.63
 5.6276  10.46
 5.6533  19.58
 5.6535  37.11
 5.6824  26.00
 5.6847  13.14
 5.6875 103.36
 5.6939  13.65
 5.7081  18.14
 5.7154  66.70
 5.7157  12.25
 5.7303  15.31
 5.7592  10.14
 5.7710  25.73
 5.7715  15.83
 5.7868  30.67
 5.7902  24.00
 5.8271  24.69
 5.8518  28.12
 5.8617  10.42
 5.8778  14.92
 5.9020  20.40
 5.9034  28.78
 5.9171  10.12
 5.9217  37.67
 5.9234 141.19
 5.9313  10.64
 5.9335  18.87
 5.9336  10.57
 5.9365  10.17
 5.9726  31.56
 5.9828  33.89
 5.9901  10.30
 6.0012  38.71
 6.0467  24.89
 6.0489 169.27
 6.0516  12.87
 6.0650  11.30
 6.0858  30.60
 6.0911  65.94
 6.1074  12.88
 6.1123  27.17
 6.1596 122.03
 6.1642 130.93
 6.2171  17.83
 6.3194 113.04
 6.3517  25.98
 6.3723  21.38
 6.3726  16.22
 6.3881  13.25
 6.4947  31.75
 6.5340  32.45
 6.5506  57.44
 6.5778  17.63
 6.6106  24.24
 6.6426  26.95
 6.6524  10.63
 6.6742  11.31
 6.7481  10.41
 6.7574  12.47
 6.7709  12.10
 6.7968  12.99
 6.8080  10.48
 6.8201  18.16
 6.8574  25.18
 6.8580  12.05
 6.8731  36.50
 6.9734  17.82
 6.9805  13.90
 7.0401  20.55
 7.0532  17.03
 7.0564  22.20
 7.0617  23.23
 7.1137  10.60
 7.1139  53.75
 7.1204  85.53
 7.1256  12.06
 7.1432  14.54
 7.1446  14.37
 7.1705  12.35
 7.1713  33.38
 7.2030 180.47
 7.2154  11.83
 7.2221  16.07
 7.2448  10.18
 7.2544  16.81
 7.2553  26.28
 7.2563 169.72
 7.2691  16.14
 7.2957  23.46
 7.3274  26.59
 7.4510  23.85
 7.4774  10.03
 7.4788 154.15
 7.4879  15.19
 7.5479  36.22
 7.6033  29.65
 7.6413  11.21
 7.6453  14.90
 7.6476  22.89
 7.7271  63.14
 7.7898  17.45
 7.8417 140.57
 7.8469 168.16
 7.8580 129.93
 7.8883  23.43
 7.9140  10.39
 7.9314  16.52
 7.9381  14.25
 7.9673  11.60
 7.9708  16.65
 7.9955  12.41
 8.0756  10.66
 8.1864  13.97
 8.2180  48.44
 8.2470  33.53
 8.2625  12.60
 8.2761  13.04
 8.2815  13.16
 8.2869  22.44
 8.3732  56.07
 8.3910  10.40
 8.5278  10.58
 8.5805  21.30
 8.5808  10.92
 8.6197  30.57
 8.6345  14.53
 8.6362  11.78
 8.6388  30.43
 8.6425  25.99
 8.7377  31.18
 8.7938  43.13
 8.8230  20.62
 8.8303  14.33
 8.9733  11.07
 9.0250  12.71
 9.0456  36.72
 9.0934  28.81
 9.1323  55.35
 9.1937  14.40
 9.2269 108.86
 9.2587  15.89
 9.2642  50.64
 9.2705  25.50
 9.2706  35.68
 9.3927  10.57
 9.5723 184.74
 9.6090  15.56
 9.6130  13.32
 9.6138 129.59
 9.6419  25.43
 9.6431  15.05
 9.7954  11.17
 9.8122  17.50
 9.8347  31.54
 9.8551  12.87
 9.8793  12.33
 9.9165  16.66
 9.9459  94.50
10.0225  12.79
10.0750  44.36
10.1292  23.21
10.1949  16.23
10.2125  32.10
10.2406  40.54
10.3066  13.15
10.3423  30.91
10.4009  10.95
10.4227  14.77
10.4320  17.18
10.4338  76.15
10.4755  30.29
10.5943  33.43
10.6760  13.63
10.7250  19.56
10.7271  37.13
10.7488  11.56
10.8114  13.72
10.8548  99.86
10.8917  36.23
10.9883  15.11
10.9927  73.89
11.0400  17.97
11.1177  15.96
11.1522  29.23
11.1921  27.03
11.2488 111.71
11.3181  12.02
11.3340  25.34
11.3945  23.30
11.5249  10.65
11.6073  39.33
11.6365  10.53
11.8374  17.35
11.8587  72.15
11.9108  62.55
11.9456  10.06
11.9592  12.96
12.2628  13.08
12.3066  30.34
12.3475  13.01
12.4537 123.72
12.5468  46.20
12.5524  20.23
12.5661  25.16
12.6849 183.72
12.7277  11.47
13.0273  88.04
13.1738  11.16
13.1756  18.35
13.2459  32.09
13.2876  72.18
13.3344  15.11
13.4478  18.82
13.5226  34.66
13.5475 184.13
13.5635  50.44
13.6085  19.29
13.6229  10.80
13.6257  15.50
13.7779  14.74
13.8856  10.22
13.9749  45.36
14.0060  30.52
14.0381  10.86
14.2424  30.95
14.3180  28.72
14.3459 169.16
14.4671  11.73
14.5392  10.30
14.5754 108.18
14.5836  34.06
14.5899  18.92
14.7054  31.60
14.7596 144.77
14.9094  12.37
15.0501  80.20
15.2266 157.37
15.4081  13.23
15.5784 104.50
15.6494 160.61
15.6855  47.71
15.7161  17.19
15.8135  75.59
15.9486  79.17
15.9742  10.76
16.0126  10.01
16.3274  12.68
16.5448  32.65
16.7990  12.42
16.8485 174.49
17.1036  80.59
17.2382 109.33
17.3226  35.45
17.6377  10.82
17.6613 153.56
17.7071  26.67
18.1100 143.20
18.3675 194.41
18.5392  29.68
19.2150  59.69
19.2450 185.31
19.2741  64.71
19.6196  77.36
19.6924  23.98
19.7195 102.88
19.8042 106.67
19.8476  32.51
20.1527 111.24
20.3019  42.53
20.3390  25.56
20.3595 118.30
20.6750  21.89
20.9767  34.61
21.4102  68.04
21.6106  30.63
21.7156  12.40
21.9496 188.95
22.2006  54.51
22.2377  23.54
22.2846 112.30
22.3856 144.78
22.5795 147.44
22.7460  13.83
22.7859  50.10
22.8438  70.69
22.8747 150.37
23.0103  85.82
23.1081 144.92
23.1175  19.31
23.3209 155.31
23.5442 107.29
24.1581  27.57
24.2077  35.73
24.4824 126.71
24.5967 194.38
24.6197 126.22
24.6538  13.72
25.1103  48.66
25.2118  28.72
25.2791  35.42
25.3693  11.80
25.4867 121.23
25.6861 125.20
25.7957  18.54
25.9621 117.16
26.5319 101.85
26.5942  46.69
26.6526  67.97
26.7754  87.10
26.8075 148.69
27.3485 134.97
27.7615  25.91
27.7946 125.09
28.2651 178.36
28.3182  28.45
28.3991  11.82
28.7978  20.20
28.9255 162.88
28.9573  33.63
29.3549  12.32
29.6234  22.02
29.6756 122.00
29.9239 113.65
29.9539  27.05
30.0824 155.63
30.2114  30.69
30.5246  63.86
30.9711 128.30
31.7361  95.04
32.2371  42.05
32.6513  85.68
32.6838  13.31
32.7939  52.40
34.3083  29.72
34.9635  60.91
35.0670  32.02
35.3503  12.06
35.8490  62.63
36.4693 126.73
36.6822  98.97
36.7943  99.73
37.0216 134.81
37.7725  90.17
37.9551  32.18
38.8298  31.57
39.0384 128.05
39.1160  77.51
39.5450 104.26
